Date,Open,High,Low,Close,Volume
2025-03-13,0.27,0.27,0.23,0.25,44600
2025-03-12,0.29,0.29,0.24,0.25,132100
2025-03-11,0.26,0.29,0.25,0.28,142800
2025-03-10,0.31,0.31,0.26,0.29,67200
2025-03-07,0.29,0.3,0.26,0.3,157600
2025-03-06,0.31,0.31,0.26,0.28,39200
2025-03-05,0.3,0.3,0.26,0.3,30000
2025-03-04,0.31,0.33,0.28,0.3,47900
2025-03-03,0.3,0.3,0.25,0.28,149000
2025-02-28,0.3,0.32,0.29,0.31,173500
2025-02-27,0.3,0.35,0.3,0.32,155000
2025-02-26,0.33,0.37,0.33,0.35,79300
2025-02-25,0.35,0.39,0.34,0.39,84800
2025-02-24,0.37,0.38,0.34,0.34,89800
2025-02-21,0.4,0.4,0.33,0.35,357200
2025-02-20,0.38,0.38,0.36,0.37,61000
2025-02-19,0.38,0.4,0.38,0.39,57800
2025-02-18,0.39,0.42,0.37,0.37,116700
2025-02-14,0.4,0.42,0.38,0.4,185500
2025-02-13,0.4,0.4,0.38,0.38,74900
2025-02-12,0.38,0.4,0.36,0.38,140200
2025-02-11,0.37,0.38,0.37,0.37,35700
2025-02-10,0.4,0.4,0.34,0.37,30800
2025-02-07,0.39,0.4,0.35,0.38,160300
2025-02-06,0.39,0.39,0.34,0.39,191300
2025-02-05,0.38,0.39,0.32,0.36,86100
2025-02-04,0.36,0.38,0.33,0.36,46500
2025-02-03,0.3,0.38,0.3,0.34,245600
2025-01-31,0.3,0.33,0.25,0.31,261800
2025-01-30,0.29,0.3,0.28,0.29,272300
2025-01-29,0.28,0.33,0.25,0.29,166500
2025-01-28,0.38,0.4,0.29,0.31,805200
2025-01-27,0.41,0.43,0.36,0.42,305400
2025-01-24,0.42,0.48,0.37,0.4,655000
2025-01-23,0.22,0.44,0.22,0.35,827000
2025-01-22,0.22,0.22,0.19,0.21,244000
2025-01-21,0.17,0.19,0.17,0.19,624400
2025-01-17,0.17,0.18,0.17,0.18,37600
2025-01-16,0.17,0.17,0.17,0.17,8400
2025-01-15,0.17,0.17,0.17,0.17,82600
2025-01-14,0.17,0.17,0.17,0.17,30600
2025-01-13,0.16,0.17,0.16,0.17,453900
2025-01-10,0.16,0.16,0.15,0.16,193600
2025-01-08,0.16,0.17,0.16,0.17,67100
2025-01-07,0.15,0.16,0.15,0.15,499900
2025-01-06,0.15,0.15,0.14,0.15,100400
2025-01-03,0.14,0.15,0.14,0.15,69200
2025-01-02,0.14,0.15,0.14,0.14,178100
2024-12-31,0.14,0.14,0.14,0.14,79900
2024-12-30,0.14,0.14,0.14,0.14,130500
2024-12-27,0.14,0.14,0.14,0.14,50200
2024-12-26,0.14,0.14,0.13,0.14,144900
2024-12-24,0.14,0.14,0.13,0.13,650800
2024-12-23,0.13,0.14,0.13,0.14,148700
2024-12-20,0.14,0.14,0.14,0.14,96500
2024-12-19,0.14,0.14,0.13,0.14,162200
2024-12-18,0.13,0.14,0.13,0.13,120900
2024-12-17,0.13,0.14,0.13,0.13,74400
2024-12-16,0.13,0.13,0.12,0.13,114200
2024-12-13,0.14,0.14,0.13,0.13,27800
2024-12-12,0.13,0.13,0.13,0.13,500
2024-12-11,0.13,0.13,0.12,0.12,65500
2024-12-10,0.12,0.13,0.12,0.12,87800
2024-12-09,0.11,0.13,0.11,0.12,69200
2024-12-06,0.13,0.13,0.12,0.12,153800
2024-12-05,0.12,0.14,0.12,0.12,131800
2024-12-04,0.14,0.14,0.11,0.11,14000
2024-12-03,0.14,0.14,0.12,0.12,18000
2024-12-02,0.15,0.15,0.11,0.11,35000
2024-11-29,0.14,0.14,0.11,0.12,110000
2024-11-27,0.1,0.1,0.1,0.1,422000
2024-11-26,0.12,0.12,0.09,0.1,450300
2024-11-25,0.12,0.14,0.1,0.1,149600
2024-11-22,0.15,0.15,0.1,0.1,407700
2024-11-21,0.15,0.15,0.11,0.11,58400
2024-11-20,0.14,0.14,0.14,0.14,45600
2024-11-19,0.15,0.15,0.14,0.14,11000
2024-11-18,0.15,0.15,0.14,0.14,181600
2024-11-15,0.14,0.15,0.14,0.14,161700
2024-11-14,0.16,0.16,0.15,0.15,89700
2024-11-13,0.15,0.15,0.15,0.15,0
2024-11-12,0.14,0.16,0.14,0.15,145000
2024-11-11,0.15,0.15,0.14,0.14,193200
2024-11-08,0.16,0.16,0.15,0.15,146500
2024-11-07,0.15,0.16,0.15,0.16,41500
2024-11-06,0.16,0.16,0.14,0.15,242000
2024-11-05,0.15,0.15,0.14,0.15,95300
2024-11-04,0.17,0.17,0.15,0.15,117100
2024-11-01,0.16,0.16,0.16,0.16,25000
2024-10-31,0.16,0.16,0.16,0.16,43300
2024-10-30,0.16,0.16,0.15,0.15,46200
2024-10-29,0.15,0.16,0.15,0.16,78500
2024-10-28,0.16,0.16,0.14,0.15,30200
2024-10-25,0.15,0.15,0.15,0.15,50000
2024-10-24,0.15,0.16,0.15,0.15,90100
2024-10-23,0.15,0.16,0.15,0.16,258000
2024-10-22,0.15,0.15,0.15,0.15,2000
2024-10-21,0.15,0.15,0.14,0.14,13800
2024-10-18,0.15,0.15,0.15,0.15,14500
2024-10-17,0.14,0.15,0.14,0.15,63000
2024-10-16,0.14,0.14,0.14,0.14,100
2024-10-15,0.14,0.14,0.14,0.14,3500
2024-10-14,0.14,0.14,0.14,0.14,300
2024-10-11,0.15,0.15,0.14,0.14,25300
2024-10-10,0.14,0.14,0.14,0.14,0
2024-10-09,0.14,0.14,0.14,0.14,30000
2024-10-08,0.14,0.14,0.14,0.14,134300
2024-10-07,0.14,0.14,0.14,0.14,20500
2024-10-04,0.14,0.14,0.13,0.13,32500
2024-10-03,0.14,0.14,0.13,0.13,51200
2024-10-02,0.14,0.14,0.14,0.14,119000
2024-10-01,0.14,0.14,0.14,0.14,135000
2024-09-30,0.14,0.14,0.12,0.14,312800
2024-09-27,0.12,0.14,0.12,0.13,69200
2024-09-26,0.12,0.12,0.12,0.12,600
2024-09-25,0.11,0.11,0.11,0.11,0
2024-09-24,0.11,0.12,0.11,0.11,100000
2024-09-23,0.11,0.11,0.11,0.11,0
2024-09-20,0.11,0.11,0.11,0.11,11400
2024-09-19,0.08,0.09,0.08,0.09,584600
2024-09-18,0.09,0.1,0.07,0.08,164900
2024-09-17,0.09,0.09,0.08,0.08,6100
2024-09-16,0.08,0.08,0.08,0.08,38600
2024-09-13,0.08,0.08,0.08,0.08,34800
2024-09-12,0.1,0.1,0.08,0.08,67400
2024-09-11,0.1,0.11,0.1,0.11,42300
2024-09-10,0.1,0.1,0.08,0.09,84200
2024-09-09,0.09,0.09,0.09,0.09,137000
2024-09-06,0.09,0.09,0.09,0.09,2000
2024-09-05,0.09,0.09,0.09,0.09,37300
2024-09-04,0.08,0.08,0.08,0.08,0
2024-09-03,0.09,0.09,0.08,0.08,128400
2024-08-30,0.07,0.07,0.07,0.07,600
2024-08-29,0.08,0.08,0.08,0.08,20000
2024-08-28,0.09,0.09,0.09,0.09,0
2024-08-27,0.09,0.09,0.09,0.09,50000
2024-08-26,0.09,0.09,0.09,0.09,10000
2024-08-23,0.09,0.09,0.09,0.09,32000
2024-08-22,0.09,0.09,0.09,0.09,0
2024-08-21,0.09,0.09,0.08,0.09,88800
2024-08-20,0.1,0.1,0.08,0.08,50200
2024-08-19,0.1,0.12,0.08,0.1,211900
2024-08-16,0.09,0.1,0.08,0.08,253200
2024-08-15,0.1,0.1,0.07,0.08,121000
2024-08-14,0.12,0.12,0.07,0.08,77500
2024-08-13,0.12,0.12,0.09,0.09,34100
2024-08-12,0.09,0.13,0.09,0.13,341200
2024-08-09,0.06,0.08,0.06,0.08,201900
2024-08-08,0.06,0.06,0.06,0.06,29000
2024-08-07,0.06,0.06,0.06,0.06,0
2024-08-06,0.06,0.06,0.06,0.06,1100
2024-08-05,0.06,0.06,0.06,0.06,0
2024-08-02,0.06,0.06,0.06,0.06,0
2024-08-01,0.07,0.07,0.05,0.06,39900
2024-07-31,0.06,0.07,0.06,0.07,20500
2024-07-30,0.07,0.07,0.07,0.07,0
2024-07-29,0.07,0.07,0.07,0.07,27500
2024-07-26,0.07,0.07,0.07,0.07,0
2024-07-25,0.07,0.07,0.07,0.07,0
2024-07-24,0.07,0.07,0.07,0.07,4000
2024-07-23,0.08,0.08,0.06,0.06,53000
2024-07-22,0.08,0.08,0.08,0.08,0
2024-07-19,0.08,0.08,0.08,0.08,0
2024-07-18,0.08,0.08,0.08,0.08,0
2024-07-17,0.08,0.08,0.08,0.08,60000
2024-07-16,0.09,0.09,0.09,0.09,0
2024-07-15,0.09,0.09,0.09,0.09,12600
2024-07-12,0.09,0.09,0.09,0.09,0
2024-07-11,0.09,0.09,0.09,0.09,2000
2024-07-10,0.1,0.1,0.07,0.08,264000
2024-07-09,0.1,0.1,0.09,0.09,200200
2024-07-08,0.11,0.11,0.09,0.1,174700
2024-07-05,0.12,0.12,0.12,0.12,16700
2024-07-03,0.12,0.12,0.12,0.12,5000
2024-07-02,0.12,0.12,0.12,0.12,0
2024-07-01,0.12,0.12,0.12,0.12,4300
2024-06-28,0.11,0.11,0.11,0.11,15000
2024-06-27,0.12,0.12,0.12,0.12,0
2024-06-26,0.12,0.12,0.12,0.12,1100
2024-06-25,0.12,0.12,0.12,0.12,30000
2024-06-24,0.12,0.12,0.09,0.11,105200
2024-06-21,0.1,0.12,0.1,0.12,65700
2024-06-20,0.12,0.12,0.09,0.1,120100
2024-06-18,0.11,0.11,0.11,0.11,20000
2024-06-17,0.13,0.13,0.13,0.13,16300
2024-06-14,0.11,0.11,0.11,0.11,0
2024-06-13,0.11,0.11,0.11,0.11,0
2024-06-12,0.13,0.13,0.11,0.11,23000
2024-06-11,0.12,0.12,0.09,0.09,36700
2024-06-10,0.12,0.12,0.12,0.12,0
2024-06-07,0.12,0.12,0.12,0.12,5000
2024-06-06,0.12,0.12,0.11,0.11,8600
2024-06-05,0.11,0.12,0.1,0.12,30300
2024-06-04,0.12,0.12,0.12,0.12,5700
2024-06-03,0.12,0.13,0.12,0.12,257000
2024-05-31,0.12,0.12,0.12,0.12,10100
2024-05-30,0.1,0.1,0.1,0.1,0
2024-05-29,0.12,0.12,0.1,0.1,69800
2024-05-28,0.11,0.12,0.11,0.12,10800
2024-05-24,0.12,0.12,0.11,0.11,30900
2024-05-23,0.11,0.11,0.11,0.11,22000
2024-05-22,0.11,0.11,0.11,0.11,34500
2024-05-21,0.11,0.13,0.11,0.11,126400
2024-05-20,0.11,0.11,0.1,0.1,77400
2024-05-17,0.11,0.11,0.1,0.1,33700
2024-05-16,0.09,0.09,0.09,0.09,32100
2024-05-15,0.11,0.11,0.11,0.11,0
2024-05-14,0.11,0.11,0.11,0.11,18000
2024-05-13,0.1,0.11,0.1,0.1,60500
2024-05-10,0.09,0.09,0.08,0.09,43000
2024-05-09,0.09,0.09,0.09,0.09,22000
2024-05-08,0.1,0.1,0.08,0.08,72100
2024-05-07,0.1,0.1,0.1,0.1,12000
2024-05-06,0.1,0.1,0.09,0.09,122000
2024-05-03,0.11,0.11,0.1,0.1,22000
2024-05-02,0.1,0.11,0.1,0.11,35700
2024-05-01,0.1,0.1,0.08,0.1,116000
2024-04-30,0.1,0.1,0.1,0.1,23100
2024-04-29,0.1,0.1,0.08,0.1,53000
2024-04-26,0.11,0.11,0.09,0.09,63100
2024-04-25,0.11,0.11,0.09,0.09,27500
2024-04-24,0.08,0.11,0.08,0.09,54900
2024-04-23,0.11,0.11,0.11,0.11,16000
2024-04-22,0.1,0.11,0.09,0.11,78200
2024-04-19,0.1,0.1,0.1,0.1,20000
2024-04-18,0.1,0.1,0.1,0.1,12500
2024-04-17,0.1,0.1,0.07,0.1,13500
2024-04-16,0.09,0.09,0.09,0.09,17000
2024-04-15,0.09,0.09,0.09,0.09,49300
2024-04-12,0.09,0.09,0.08,0.08,16300
2024-04-11,0.08,0.08,0.08,0.08,6200
2024-04-10,0.09,0.09,0.08,0.08,5000
2024-04-09,0.08,0.08,0.08,0.08,5100
2024-04-08,0.08,0.09,0.07,0.09,101000
2024-04-05,0.08,0.09,0.08,0.09,53500
2024-04-04,0.06,0.08,0.06,0.08,165100
2024-04-03,0.06,0.06,0.06,0.06,5300
2024-04-02,0.06,0.06,0.05,0.05,15800
2024-04-01,0.06,0.06,0.06,0.06,54500
2024-03-28,0.06,0.06,0.06,0.06,1400
2024-03-27,0.06,0.06,0.06,0.06,3100
2024-03-26,0.06,0.06,0.06,0.06,18600
2024-03-25,0.06,0.06,0.06,0.06,11100
2024-03-22,0.07,0.07,0.07,0.07,0
2024-03-21,0.07,0.07,0.07,0.07,0
2024-03-20,0.07,0.07,0.07,0.07,800
2024-03-19,0.05,0.05,0.05,0.05,0
2024-03-18,0.05,0.05,0.05,0.05,25000
2024-03-15,0.06,0.06,0.05,0.05,4600
2024-03-14,0.06,0.06,0.06,0.06,0
2024-03-13,0.06,0.06,0.06,0.06,30000
2024-03-12,0.06,0.07,0.05,0.07,110500
2024-03-11,0.07,0.07,0.07,0.07,95000
2024-03-08,0.06,0.06,0.06,0.06,20000
2024-03-07,0.06,0.06,0.06,0.06,1600
2024-03-06,0.06,0.06,0.06,0.06,52900
2024-03-05,0.08,0.08,0.07,0.07,95300
2024-03-04,0.08,0.08,0.08,0.08,0
2024-03-01,0.08,0.08,0.08,0.08,2100
2024-02-29,0.08,0.08,0.08,0.08,122600
2024-02-28,0.08,0.08,0.08,0.08,42500
2024-02-27,0.07,0.08,0.07,0.07,40100
2024-02-26,0.08,0.09,0.07,0.07,146300
2024-02-23,0.08,0.08,0.07,0.08,20400
2024-02-22,0.06,0.08,0.06,0.08,61500
2024-02-21,0.07,0.08,0.06,0.08,73400
2024-02-20,0.07,0.07,0.07,0.07,79000
2024-02-16,0.06,0.08,0.06,0.08,179800
2024-02-15,0.04,0.06,0.04,0.05,817300
2024-02-14,0.05,0.05,0.04,0.04,202700
2024-02-13,0.04,0.05,0.04,0.05,135500
2024-02-12,0.04,0.04,0.04,0.04,168500
2024-02-09,0.04,0.04,0.04,0.04,53400
2024-02-08,0.05,0.05,0.04,0.04,373700
2024-02-07,0.06,0.06,0.05,0.05,150500
2024-02-06,0.05,0.05,0.05,0.05,0
2024-02-05,0.05,0.05,0.05,0.05,1000
2024-02-02,0.05,0.06,0.05,0.06,30500
2024-02-01,0.05,0.05,0.05,0.05,65000
2024-01-31,0.07,0.07,0.07,0.07,200
2024-01-30,0.07,0.07,0.05,0.05,19100
2024-01-29,0.07,0.07,0.07,0.07,500
2024-01-26,0.06,0.06,0.06,0.06,20200
2024-01-25,0.06,0.06,0.06,0.06,16000
2024-01-24,0.05,0.06,0.05,0.06,60000
2024-01-23,0.06,0.06,0.06,0.06,30000
2024-01-22,0.06,0.06,0.06,0.06,0
2024-01-19,0.1,0.1,0.05,0.06,440500
2024-01-18,0.08,0.08,0.08,0.08,4000
2024-01-17,0.11,0.11,0.11,0.11,0
2024-01-16,0.11,0.11,0.11,0.11,0
2024-01-12,0.11,0.11,0.11,0.11,0
2024-01-11,0.1,0.11,0.07,0.11,44000
2024-01-10,0.07,0.1,0.06,0.1,28300
2024-01-09,0.1,0.1,0.07,0.07,45800
2024-01-08,0.08,0.09,0.08,0.09,10500
2024-01-05,0.09,0.09,0.09,0.09,0
2024-01-04,0.09,0.09,0.09,0.09,50000
2024-01-03,0.09,0.09,0.08,0.09,1400
2024-01-02,0.07,0.09,0.07,0.09,165200
2023-12-29,0.07,0.09,0.07,0.08,235900
2023-12-28,0.07,0.07,0.07,0.07,0
2023-12-27,0.07,0.07,0.06,0.07,76000
2023-12-26,0.07,0.07,0.07,0.07,0
2023-12-22,0.07,0.07,0.07,0.07,14000
2023-12-21,0.06,0.08,0.06,0.07,140800
2023-12-20,0.06,0.07,0.06,0.06,55500
2023-12-19,0.07,0.07,0.06,0.06,166100
2023-12-18,0.08,0.08,0.08,0.08,0
2023-12-15,0.09,0.09,0.08,0.08,256000
2023-12-14,0.08,0.08,0.08,0.08,191000
2023-12-13,0.09,0.09,0.09,0.09,200
2023-12-12,0.09,0.09,0.06,0.09,40200
2023-12-11,0.08,0.09,0.08,0.09,29500
2023-12-08,0.09,0.09,0.08,0.08,37700
2023-12-07,0.07,0.1,0.07,0.1,55100
2023-12-06,0.06,0.08,0.06,0.08,42500
2023-12-05,0.06,0.06,0.06,0.06,10000
2023-12-04,0.06,0.07,0.06,0.07,117100
2023-12-01,0.06,0.06,0.06,0.06,12200
2023-11-30,0.06,0.06,0.06,0.06,0
2023-11-29,0.06,0.06,0.05,0.06,80400
2023-11-28,0.06,0.06,0.06,0.06,100
2023-11-27,0.06,0.06,0.05,0.05,163900
2023-11-24,0.06,0.06,0.06,0.06,0
2023-11-22,0.06,0.06,0.06,0.06,61300
2023-11-21,0.07,0.07,0.07,0.07,3400
2023-11-20,0.07,0.08,0.06,0.08,170600
2023-11-17,0.07,0.1,0.07,0.1,104400
2023-11-16,0.08,0.08,0.08,0.08,0
2023-11-15,0.07,0.08,0.07,0.08,17600
2023-11-14,0.08,0.1,0.07,0.1,25600
2023-11-13,0.07,0.08,0.07,0.08,75000
2023-11-10,0.08,0.08,0.08,0.08,1800
2023-11-09,0.07,0.08,0.07,0.08,70700
2023-11-08,0.09,0.09,0.09,0.09,0
2023-11-07,0.09,0.09,0.09,0.09,10500
2023-11-06,0.1,0.1,0.1,0.1,100
2023-11-03,0.09,0.09,0.08,0.09,139000
2023-11-02,0.09,0.1,0.09,0.1,29000
2023-11-01,0.1,0.1,0.1,0.1,0
2023-10-31,0.1,0.1,0.1,0.1,500
2023-10-30,0.1,0.1,0.1,0.1,0
2023-10-27,0.1,0.1,0.1,0.1,500
2023-10-26,0.09,0.09,0.09,0.09,3000
2023-10-25,0.09,0.09,0.09,0.09,51000
2023-10-24,0.1,0.1,0.1,0.1,1100
2023-10-23,0.08,0.1,0.07,0.09,49000
2023-10-20,0.07,0.07,0.07,0.07,500
2023-10-19,0.08,0.1,0.06,0.09,7500
2023-10-18,0.08,0.1,0.06,0.1,65500
2023-10-17,0.08,0.1,0.07,0.09,122100
2023-10-16,0.08,0.08,0.07,0.08,30700
2023-10-13,0.07,0.07,0.07,0.07,49000
2023-10-12,0.08,0.08,0.08,0.08,20000
2023-10-11,0.08,0.08,0.08,0.08,2000
2023-10-10,0.07,0.07,0.07,0.07,700
2023-10-09,0.08,0.08,0.08,0.08,500
2023-10-06,0.07,0.07,0.07,0.07,1700
2023-10-05,0.09,0.09,0.09,0.09,1000
2023-10-04,0.09,0.09,0.09,0.09,31300
2023-10-03,0.09,0.09,0.09,0.09,500
2023-10-02,0.08,0.08,0.08,0.08,100
2023-09-29,0.09,0.09,0.07,0.07,1600
2023-09-28,0.07,0.07,0.06,0.07,61300
2023-09-27,0.09,0.09,0.09,0.09,200
2023-09-26,0.08,0.08,0.07,0.07,25900
2023-09-25,0.07,0.1,0.06,0.08,14900
2023-09-22,0.08,0.08,0.05,0.07,61900
2023-09-21,0.09,0.09,0.09,0.09,100
2023-09-20,0.06,0.1,0.06,0.1,13700
2023-09-19,0.07,0.09,0.07,0.09,30200
2023-09-18,0.09,0.09,0.06,0.08,16300
2023-09-15,0.09,0.09,0.09,0.09,5000
2023-09-14,0.08,0.08,0.08,0.08,0
2023-09-13,0.09,0.1,0.06,0.08,135700
2023-09-12,0.08,0.11,0.07,0.08,62800
2023-09-11,0.1,0.1,0.1,0.1,0
2023-09-08,0.07,0.11,0.07,0.1,12100
2023-09-07,0.09,0.11,0.07,0.11,71800
2023-09-06,0.07,0.1,0.07,0.1,2100
2023-09-05,0.09,0.09,0.09,0.09,20000
2023-09-01,0.09,0.11,0.09,0.1,22000
2023-08-31,0.1,0.1,0.1,0.1,0
2023-08-30,0.1,0.1,0.1,0.1,5300
2023-08-29,0.12,0.12,0.09,0.12,21400
2023-08-28,0.11,0.11,0.11,0.11,23300
2023-08-25,0.12,0.12,0.1,0.11,55900
2023-08-24,0.09,0.14,0.09,0.14,92700
2023-08-23,0.1,0.1,0.09,0.1,29000
2023-08-22,0.09,0.1,0.09,0.1,35800
2023-08-21,0.1,0.1,0.1,0.1,500
2023-08-18,0.09,0.1,0.09,0.09,88900
2023-08-17,0.09,0.09,0.09,0.09,97900
2023-08-16,0.09,0.09,0.09,0.09,1000
2023-08-15,0.07,0.09,0.07,0.09,77400
2023-08-14,0.06,0.06,0.06,0.06,2900
2023-08-11,0.06,0.07,0.06,0.06,69700
2023-08-10,0.06,0.06,0.06,0.06,32500
2023-08-09,0.06,0.07,0.06,0.07,45900
2023-08-08,0.06,0.07,0.06,0.07,288400
2023-08-07,0.06,0.08,0.05,0.05,480500
2023-08-04,0.07,0.09,0.05,0.05,239900
2023-08-03,0.07,0.08,0.07,0.08,94200
2023-08-02,0.09,0.09,0.09,0.09,5000
2023-08-01,0.09,0.09,0.09,0.09,0
2023-07-31,0.09,0.09,0.09,0.09,0
2023-07-28,0.09,0.09,0.08,0.09,51500
2023-07-27,0.08,0.1,0.08,0.08,223300
2023-07-26,0.09,0.1,0.09,0.09,63100
2023-07-25,0.09,0.09,0.09,0.09,0
2023-07-24,0.09,0.09,0.09,0.09,0
2023-07-21,0.09,0.09,0.09,0.09,8500
2023-07-20,0.09,0.09,0.09,0.09,15200
2023-07-19,0.09,0.09,0.09,0.09,4800
2023-07-18,0.09,0.09,0.09,0.09,4800
2023-07-17,0.09,0.1,0.09,0.1,12900
2023-07-14,0.1,0.1,0.09,0.1,39800
2023-07-13,0.09,0.1,0.09,0.1,48500
2023-07-12,0.09,0.09,0.09,0.09,1000
2023-07-11,0.1,0.1,0.1,0.1,0
2023-07-10,0.1,0.1,0.1,0.1,0
2023-07-07,0.1,0.1,0.09,0.1,46600
2023-07-06,0.1,0.1,0.1,0.1,3300
2023-07-05,0.11,0.11,0.11,0.11,300
2023-07-03,0.11,0.11,0.09,0.09,16200
2023-06-30,0.09,0.11,0.09,0.11,10000
2023-06-29,0.1,0.1,0.09,0.1,26500
2023-06-28,0.09,0.09,0.09,0.09,31200
2023-06-27,0.09,0.09,0.09,0.09,0
2023-06-26,0.09,0.09,0.09,0.09,15200
2023-06-23,0.08,0.09,0.08,0.09,5700
2023-06-22,0.09,0.09,0.09,0.09,11700
2023-06-21,0.09,0.1,0.09,0.1,28000
2023-06-20,0.09,0.09,0.09,0.09,600
2023-06-16,0.09,0.09,0.09,0.09,17300
2023-06-15,0.09,0.09,0.09,0.09,0
2023-06-14,0.09,0.09,0.09,0.09,11000
2023-06-13,0.09,0.09,0.09,0.09,2100
2023-06-12,0.09,0.09,0.08,0.09,2000
2023-06-09,0.09,0.09,0.09,0.09,0
2023-06-08,0.08,0.09,0.08,0.09,10500
2023-06-07,0.09,0.1,0.09,0.09,6500
2023-06-06,0.09,0.09,0.08,0.08,15000
2023-06-05,0.09,0.1,0.09,0.1,12500
2023-06-02,0.09,0.09,0.09,0.09,30500
2023-06-01,0.09,0.09,0.09,0.09,0
2023-05-31,0.09,0.09,0.09,0.09,10000
2023-05-30,0.09,0.09,0.09,0.09,400
2023-05-26,0.08,0.09,0.08,0.09,21000
2023-05-25,0.09,0.09,0.09,0.09,84500
2023-05-24,0.1,0.1,0.09,0.09,10500
2023-05-23,0.09,0.09,0.09,0.09,1200
2023-05-22,0.11,0.11,0.11,0.11,0
2023-05-19,0.09,0.11,0.09,0.11,1300
2023-05-18,0.12,0.12,0.12,0.12,0
2023-05-17,0.12,0.12,0.12,0.12,500
2023-05-16,0.09,0.09,0.09,0.09,20000
2023-05-15,0.09,0.09,0.09,0.09,4400
2023-05-12,0.09,0.09,0.09,0.09,5200
2023-05-11,0.09,0.09,0.09,0.09,16500
2023-05-10,0.08,0.08,0.08,0.08,0
2023-05-09,0.08,0.08,0.08,0.08,0
2023-05-08,0.09,0.09,0.06,0.08,153500
2023-05-05,0.1,0.12,0.1,0.1,7100
2023-05-04,0.09,0.09,0.09,0.09,2000
2023-05-03,0.12,0.12,0.12,0.12,0
2023-05-02,0.12,0.12,0.12,0.12,100
2023-05-01,0.09,0.12,0.09,0.12,5500
2023-04-28,0.12,0.12,0.12,0.12,20500
2023-04-27,0.12,0.12,0.12,0.12,500
2023-04-26,0.12,0.12,0.12,0.12,500
2023-04-25,0.09,0.09,0.09,0.09,3700
2023-04-24,0.09,0.1,0.09,0.1,42000
2023-04-21,0.1,0.12,0.09,0.12,57800
2023-04-20,0.11,0.11,0.11,0.11,0
2023-04-19,0.11,0.14,0.09,0.11,25800
2023-04-18,0.12,0.15,0.12,0.15,8200
2023-04-17,0.15,0.15,0.15,0.15,100
2023-04-14,0.12,0.15,0.12,0.12,7100
2023-04-13,0.13,0.13,0.13,0.13,0
2023-04-12,0.13,0.13,0.13,0.13,0
2023-04-11,0.13,0.13,0.13,0.13,300
2023-04-10,0.12,0.12,0.12,0.12,0
2023-04-06,0.14,0.14,0.12,0.12,5000
2023-04-05,0.12,0.14,0.12,0.14,6000
2023-04-04,0.14,0.14,0.14,0.14,0
2023-04-03,0.12,0.14,0.12,0.14,5100
2023-03-31,0.16,0.16,0.14,0.14,3500
2023-03-30,0.16,0.16,0.14,0.15,5500
2023-03-29,0.14,0.14,0.14,0.14,1500
2023-03-28,0.13,0.14,0.13,0.14,5200
2023-03-27,0.16,0.16,0.16,0.16,1500
2023-03-24,0.13,0.13,0.13,0.13,0
2023-03-23,0.16,0.16,0.12,0.13,7100
2023-03-22,0.14,0.14,0.14,0.14,0
2023-03-21,0.12,0.14,0.11,0.14,7900
2023-03-20,0.15,0.16,0.1,0.16,27700
2023-03-17,0.16,0.16,0.14,0.16,118400
2023-03-16,0.15,0.15,0.12,0.15,12400
2023-03-15,0.14,0.15,0.13,0.13,19700
2023-03-14,0.15,0.15,0.12,0.15,6600
2023-03-13,0.13,0.13,0.12,0.13,26300
2023-03-10,0.1,0.14,0.1,0.13,68000
2023-03-09,0.12,0.16,0.12,0.14,51600
2023-03-08,0.11,0.15,0.11,0.15,41900
2023-03-07,0.15,0.15,0.15,0.15,2500
2023-03-06,0.13,0.15,0.13,0.15,12800
2023-03-03,0.1,0.13,0.1,0.13,7800
2023-03-02,0.1,0.1,0.1,0.1,0
2023-03-01,0.1,0.11,0.09,0.1,16100
2023-02-28,0.12,0.12,0.1,0.12,37800
2023-02-27,0.12,0.12,0.12,0.12,1200
2023-02-24,0.12,0.12,0.11,0.12,16700
2023-02-23,0.14,0.14,0.11,0.14,83000
2023-02-22,0.13,0.15,0.13,0.15,4200
2023-02-21,0.14,0.15,0.11,0.13,19200
2023-02-17,0.12,0.14,0.11,0.13,40100
2023-02-16,0.13,0.13,0.13,0.13,100
2023-02-15,0.12,0.12,0.11,0.12,12500
2023-02-14,0.13,0.13,0.13,0.13,0
2023-02-13,0.13,0.13,0.13,0.13,0
2023-02-10,0.14,0.14,0.12,0.13,12100
2023-02-09,0.14,0.14,0.14,0.14,200
2023-02-08,0.13,0.14,0.11,0.14,5100
2023-02-07,0.15,0.15,0.15,0.15,0
2023-02-06,0.13,0.15,0.11,0.15,20600
2023-02-03,0.12,0.13,0.12,0.13,42400
2023-02-02,0.13,0.13,0.12,0.12,11300
2023-02-01,0.13,0.13,0.12,0.12,40600
2023-01-31,0.15,0.15,0.12,0.12,109300
2023-01-30,0.15,0.15,0.13,0.14,69200
2023-01-27,0.14,0.15,0.14,0.14,6400
2023-01-26,0.13,0.16,0.13,0.13,64300
2023-01-25,0.14,0.14,0.12,0.14,91800
2023-01-24,0.14,0.14,0.13,0.14,63300
2023-01-23,0.16,0.16,0.13,0.14,41500
2023-01-20,0.13,0.17,0.12,0.17,157800
2023-01-19,0.13,0.13,0.12,0.13,51000
2023-01-18,0.12,0.14,0.12,0.13,66500
2023-01-17,0.09,0.13,0.09,0.12,169600
2023-01-13,0.08,0.11,0.06,0.11,269600
2023-01-12,0.08,0.09,0.08,0.09,33500
2023-01-11,0.08,0.09,0.08,0.09,35000
2023-01-10,0.09,0.1,0.08,0.08,182500
2023-01-09,0.09,0.09,0.08,0.09,22800
2023-01-06,0.08,0.08,0.08,0.08,0
2023-01-05,0.07,0.08,0.07,0.08,70000
2023-01-04,0.1,0.1,0.1,0.1,400
2023-01-03,0.1,0.1,0.1,0.1,400
2022-12-30,0.09,0.1,0.09,0.1,5500
2022-12-29,0.07,0.09,0.07,0.09,23700
2022-12-28,0.09,0.09,0.06,0.09,29100
2022-12-27,0.08,0.08,0.06,0.08,163000
2022-12-23,0.11,0.11,0.11,0.11,0
2022-12-22,0.09,0.13,0.09,0.11,95200
2022-12-21,0.09,0.09,0.09,0.09,1100
2022-12-20,0.09,0.09,0.09,0.09,1000
2022-12-19,0.12,0.12,0.09,0.09,44200
2022-12-16,0.12,0.12,0.11,0.11,2300
2022-12-15,0.08,0.14,0.08,0.12,139700
2022-12-14,0.09,0.09,0.09,0.09,3400
2022-12-13,0.09,0.1,0.09,0.09,22900
2022-12-12,0.09,0.09,0.09,0.09,0
2022-12-09,0.09,0.09,0.09,0.09,10000
2022-12-08,0.09,0.09,0.09,0.09,3000
2022-12-07,0.09,0.09,0.09,0.09,0
2022-12-06,0.09,0.09,0.08,0.09,30000
2022-12-05,0.09,0.09,0.09,0.09,11500
2022-12-02,0.11,0.11,0.11,0.11,0
2022-12-01,0.08,0.11,0.07,0.11,35000
2022-11-30,0.08,0.09,0.07,0.08,117500
2022-11-29,0.09,0.09,0.09,0.09,0
2022-11-28,0.08,0.09,0.07,0.09,30100
2022-11-25,0.09,0.09,0.09,0.09,44000
2022-11-23,0.09,0.11,0.09,0.09,43000
2022-11-22,0.09,0.11,0.09,0.09,42000
2022-11-21,0.12,0.12,0.09,0.1,85000
2022-11-18,0.09,0.11,0.09,0.11,6200
2022-11-17,0.11,0.12,0.1,0.11,124800
2022-11-16,0.13,0.13,0.13,0.13,15000
2022-11-15,0.12,0.13,0.12,0.13,18000
2022-11-14,0.12,0.15,0.11,0.15,54500
2022-11-11,0.12,0.14,0.12,0.12,190200
2022-11-10,0.12,0.17,0.12,0.12,21200
2022-11-09,0.12,0.12,0.11,0.12,59400
2022-11-08,0.12,0.13,0.11,0.13,39100
2022-11-07,0.15,0.15,0.12,0.14,72600
2022-11-04,0.16,0.16,0.14,0.16,135200
2022-11-03,0.15,0.17,0.15,0.16,32500
2022-11-02,0.18,0.18,0.14,0.18,55400
2022-11-01,0.23,0.23,0.17,0.17,32900
2022-10-31,0.2,0.22,0.18,0.22,252000
2022-10-28,0.17,0.19,0.14,0.19,169200
2022-10-27,0.14,0.14,0.14,0.14,0
2022-10-26,0.19,0.19,0.14,0.14,87900
2022-10-25,0.14,0.18,0.14,0.18,76800
2022-10-24,0.12,0.16,0.12,0.16,40400
2022-10-21,0.13,0.13,0.12,0.12,41200
2022-10-20,0.12,0.13,0.12,0.13,25000
2022-10-19,0.13,0.14,0.12,0.13,167500
2022-10-18,0.12,0.14,0.12,0.13,42600
2022-10-17,0.12,0.12,0.12,0.12,14800
2022-10-14,0.11,0.13,0.11,0.12,180700
2022-10-13,0.12,0.12,0.1,0.1,172500
2022-10-12,0.16,0.16,0.11,0.12,256200
2022-10-11,0.15,0.19,0.12,0.16,328500
2022-10-10,0.1,0.17,0.09,0.15,305000
2022-10-07,0.09,0.1,0.09,0.1,445100
2022-10-06,0.07,0.07,0.07,0.07,1000
2022-10-05,0.09,0.09,0.09,0.09,0
2022-10-04,0.08,0.1,0.08,0.09,51000
2022-10-03,0.08,0.1,0.08,0.1,57800
2022-09-30,0.09,0.09,0.09,0.09,10400
2022-09-29,0.11,0.11,0.11,0.11,0
2022-09-28,0.12,0.12,0.1,0.11,96100
2022-09-27,0.07,0.15,0.07,0.12,167400
2022-09-26,0.06,0.06,0.06,0.06,3000
2022-09-23,0.06,0.06,0.06,0.06,0
2022-09-22,0.06,0.06,0.06,0.06,0
2022-09-21,0.06,0.06,0.06,0.06,58800
2022-09-20,0.07,0.07,0.07,0.07,0
2022-09-19,0.06,0.07,0.06,0.07,56400
2022-09-16,0.06,0.06,0.06,0.06,20000
2022-09-15,0.06,0.06,0.06,0.06,66100
2022-09-14,0.06,0.06,0.06,0.06,0
2022-09-13,0.06,0.06,0.06,0.06,30000
2022-09-12,0.06,0.06,0.06,0.06,100
2022-09-09,0.07,0.07,0.07,0.07,0
2022-09-08,0.06,0.07,0.06,0.07,55000
2022-09-07,0.06,0.07,0.06,0.07,23000
2022-09-06,0.05,0.06,0.05,0.06,65000
2022-09-02,0.06,0.06,0.06,0.06,5000
2022-09-01,0.06,0.06,0.06,0.06,10000
2022-08-31,0.06,0.06,0.06,0.06,0
2022-08-30,0.06,0.06,0.06,0.06,5000
2022-08-29,0.06,0.06,0.06,0.06,1000
2022-08-26,0.06,0.06,0.06,0.06,2000
2022-08-25,0.05,0.05,0.05,0.05,0
2022-08-24,0.05,0.05,0.05,0.05,0
2022-08-23,0.05,0.05,0.05,0.05,10000
2022-08-22,0.05,0.05,0.05,0.05,0
2022-08-19,0.05,0.05,0.05,0.05,50000
2022-08-18,0.06,0.06,0.06,0.06,10000
2022-08-17,0.07,0.07,0.07,0.07,0
2022-08-16,0.07,0.07,0.07,0.07,20000
2022-08-15,0.07,0.07,0.07,0.07,0
2022-08-12,0.07,0.07,0.07,0.07,10000
2022-08-11,0.06,0.06,0.06,0.06,35000
2022-08-10,0.07,0.07,0.06,0.07,21000
2022-08-09,0.06,0.06,0.06,0.06,0
2022-08-08,0.06,0.06,0.06,0.06,0
2022-08-05,0.06,0.06,0.06,0.06,0
2022-08-04,0.06,0.06,0.06,0.06,0
2022-08-03,0.06,0.06,0.06,0.06,0
2022-08-02,0.06,0.06,0.05,0.06,50000
2022-08-01,0.08,0.08,0.08,0.08,0
2022-07-29,0.08,0.08,0.08,0.08,0
2022-07-28,0.08,0.08,0.08,0.08,0
2022-07-27,0.08,0.08,0.08,0.08,0
2022-07-26,0.08,0.08,0.08,0.08,0
2022-07-25,0.08,0.08,0.08,0.08,1300
2022-07-22,0.07,0.08,0.07,0.08,3600
2022-07-21,0.08,0.08,0.08,0.08,0
2022-07-20,0.08,0.08,0.08,0.08,1200
2022-07-19,0.06,0.06,0.06,0.06,20000
2022-07-18,0.06,0.07,0.06,0.06,21300
2022-07-15,0.06,0.06,0.06,0.06,0
2022-07-14,0.06,0.06,0.06,0.06,0
2022-07-13,0.06,0.06,0.06,0.06,15000
2022-07-12,0.06,0.06,0.06,0.06,0
2022-07-11,0.06,0.06,0.06,0.06,0
2022-07-08,0.06,0.06,0.06,0.06,0
2022-07-07,0.06,0.06,0.06,0.06,35000
2022-07-06,0.06,0.06,0.06,0.06,300
2022-07-05,0.06,0.06,0.06,0.06,0
2022-07-01,0.06,0.06,0.06,0.06,20400
2022-06-30,0.06,0.06,0.06,0.06,0
2022-06-29,0.06,0.06,0.06,0.06,0
2022-06-28,0.06,0.06,0.06,0.06,300
2022-06-27,0.05,0.05,0.05,0.05,0
2022-06-24,0.05,0.05,0.05,0.05,5500
2022-06-23,0.05,0.05,0.05,0.05,20300
2022-06-22,0.04,0.05,0.04,0.05,40000
2022-06-21,0.05,0.05,0.05,0.05,25000
2022-06-17,0.05,0.05,0.05,0.05,0
2022-06-16,0.05,0.05,0.05,0.05,500
2022-06-15,0.05,0.05,0.05,0.05,10000
2022-06-14,0.05,0.05,0.05,0.05,0
2022-06-13,0.05,0.05,0.05,0.05,90000
2022-06-10,0.06,0.06,0.06,0.06,0
2022-06-09,0.06,0.06,0.06,0.06,0
2022-06-08,0.06,0.06,0.06,0.06,0
2022-06-07,0.06,0.06,0.06,0.06,0
2022-06-06,0.06,0.06,0.06,0.06,0
2022-06-03,0.06,0.06,0.06,0.06,0
2022-06-02,0.05,0.06,0.05,0.06,28800
2022-06-01,0.05,0.05,0.05,0.05,32000
2022-05-31,0.06,0.06,0.06,0.06,0
2022-05-27,0.06,0.06,0.06,0.06,0
2022-05-26,0.06,0.06,0.06,0.06,10000
2022-05-25,0.08,0.08,0.08,0.08,0
2022-05-24,0.08,0.08,0.08,0.08,0
2022-05-23,0.08,0.08,0.08,0.08,9100
2022-05-20,0.05,0.05,0.05,0.05,0
2022-05-19,0.05,0.05,0.05,0.05,400
2022-05-18,0.06,0.06,0.06,0.06,11000
2022-05-17,0.07,0.07,0.05,0.05,33700
2022-05-16,0.08,0.08,0.08,0.08,6000
2022-05-13,0.08,0.08,0.08,0.08,10000
2022-05-12,0.09,0.09,0.08,0.08,25000
2022-05-11,0.11,0.11,0.11,0.11,0
2022-05-10,0.11,0.11,0.11,0.11,0
2022-05-09,0.11,0.11,0.11,0.11,100
2022-05-06,0.09,0.09,0.09,0.09,21000
2022-05-05,0.09,0.09,0.09,0.09,4000
2022-05-04,0.09,0.09,0.09,0.09,20000
2022-05-03,0.12,0.12,0.12,0.12,0
2022-05-02,0.12,0.12,0.12,0.12,0
2022-04-29,0.12,0.12,0.12,0.12,0
2022-04-28,0.12,0.12,0.12,0.12,0
2022-04-27,0.12,0.12,0.12,0.12,0
2022-04-26,0.12,0.12,0.12,0.12,300
2022-04-25,0.11,0.11,0.11,0.11,0
2022-04-22,0.11,0.11,0.11,0.11,1000
2022-04-21,0.1,0.12,0.1,0.12,10000
2022-04-20,0.1,0.1,0.1,0.1,5100
2022-04-19,0.1,0.11,0.1,0.11,10300
2022-04-18,0.11,0.13,0.1,0.1,1000
2022-04-14,0.08,0.08,0.08,0.08,0
2022-04-13,0.08,0.08,0.08,0.08,0
2022-04-12,0.08,0.08,0.08,0.08,0
2022-04-11,0.08,0.08,0.08,0.08,0
2022-04-08,0.08,0.08,0.08,0.08,0
2022-04-07,0.08,0.08,0.08,0.08,0
2022-04-06,0.07,0.08,0.06,0.08,55000
2022-04-05,0.08,0.08,0.08,0.08,0
2022-04-04,0.08,0.08,0.08,0.08,100
2022-04-01,0.08,0.08,0.08,0.08,2500
2022-03-31,0.08,0.08,0.08,0.08,11100
2022-03-30,0.09,0.09,0.09,0.09,0
2022-03-29,0.09,0.09,0.09,0.09,21500
2022-03-28,0.09,0.09,0.09,0.09,0
2022-03-25,0.09,0.09,0.09,0.09,0
2022-03-24,0.09,0.09,0.09,0.09,0
2022-03-23,0.09,0.09,0.09,0.09,0
2022-03-22,0.09,0.09,0.09,0.09,0
2022-03-21,0.09,0.09,0.09,0.09,0
2022-03-18,0.09,0.09,0.09,0.09,900
2022-03-17,0.09,0.09,0.09,0.09,0
2022-03-16,0.09,0.09,0.09,0.09,0
2022-03-15,0.09,0.09,0.09,0.09,300
2022-03-14,0.09,0.09,0.09,0.09,0
2022-03-11,0.09,0.09,0.09,0.09,4000
2022-03-10,0.09,0.09,0.09,0.09,0
2022-03-09,0.09,0.09,0.09,0.09,0
2022-03-08,0.09,0.09,0.08,0.09,2300
2022-03-07,0.09,0.09,0.09,0.09,200
2022-03-04,0.11,0.11,0.11,0.11,0
2022-03-03,0.09,0.11,0.09,0.11,40400
2022-03-02,0.09,0.09,0.09,0.09,0
2022-03-01,0.09,0.09,0.09,0.09,200
2022-02-28,0.08,0.08,0.08,0.08,200
2022-02-25,0.09,0.09,0.09,0.09,0
2022-02-24,0.06,0.09,0.05,0.09,13200
2022-02-23,0.09,0.09,0.09,0.09,10800
2022-02-22,0.09,0.09,0.09,0.09,300
2022-02-18,0.11,0.11,0.11,0.11,0
2022-02-17,0.09,0.12,0.09,0.11,26500
2022-02-16,0.11,0.12,0.11,0.12,5200
2022-02-15,0.11,0.11,0.11,0.11,0
2022-02-14,0.11,0.11,0.09,0.11,8700
2022-02-11,0.1,0.1,0.1,0.1,0
2022-02-10,0.1,0.11,0.1,0.1,700
2022-02-09,0.09,0.09,0.09,0.09,0
2022-02-08,0.09,0.09,0.09,0.09,0
2022-02-07,0.1,0.1,0.09,0.09,5700
2022-02-04,0.1,0.1,0.1,0.1,600
2022-02-03,0.1,0.1,0.09,0.1,16200
2022-02-02,0.1,0.1,0.1,0.1,35500
2022-02-01,0.1,0.11,0.09,0.11,36300
2022-01-31,0.13,0.13,0.1,0.1,500
2022-01-28,0.13,0.13,0.13,0.13,0
2022-01-27,0.13,0.13,0.13,0.13,0
2022-01-26,0.13,0.13,0.13,0.13,0
2022-01-25,0.13,0.13,0.13,0.13,0
2022-01-24,0.13,0.13,0.13,0.13,0
2022-01-21,0.13,0.13,0.13,0.13,0
2022-01-20,0.13,0.13,0.13,0.13,0
2022-01-19,0.13,0.13,0.13,0.13,100
2022-01-18,0.13,0.13,0.13,0.13,6700
2022-01-14,0.13,0.13,0.09,0.09,300
2022-01-13,0.12,0.12,0.1,0.1,33700
2022-01-12,0.13,0.13,0.13,0.13,0
2022-01-11,0.13,0.13,0.13,0.13,200
2022-01-10,0.13,0.13,0.13,0.13,0
2022-01-07,0.13,0.13,0.13,0.13,2500
2022-01-06,0.14,0.14,0.14,0.14,200
2022-01-05,0.14,0.14,0.1,0.1,300
2022-01-04,0.11,0.11,0.11,0.11,0
2022-01-03,0.11,0.11,0.09,0.11,6000
2021-12-31,0.15,0.17,0.09,0.09,900
2021-12-30,0.1,0.1,0.1,0.1,34800
2021-12-29,0.1,0.1,0.1,0.1,0
2021-12-28,0.11,0.11,0.09,0.1,40000
2021-12-27,0.14,0.14,0.14,0.14,0
2021-12-23,0.14,0.14,0.14,0.14,0
2021-12-22,0.14,0.14,0.14,0.14,0
2021-12-21,0.14,0.14,0.14,0.14,0
2021-12-20,0.14,0.14,0.14,0.14,1000
2021-12-17,0.13,0.13,0.13,0.13,0
2021-12-16,0.13,0.13,0.13,0.13,0
2021-12-15,0.11,0.13,0.1,0.13,17600
2021-12-14,0.15,0.15,0.15,0.15,0
2021-12-13,0.11,0.15,0.11,0.15,17300
2021-12-10,0.15,0.15,0.15,0.15,100
2021-12-09,0.15,0.15,0.15,0.15,0
2021-12-08,0.15,0.15,0.15,0.15,0
2021-12-07,0.13,0.15,0.12,0.15,20600
2021-12-06,0.15,0.15,0.15,0.15,0
2021-12-03,0.15,0.15,0.15,0.15,0
2021-12-02,0.12,0.15,0.12,0.15,300
2021-12-01,0.15,0.15,0.15,0.15,100
2021-11-30,0.15,0.15,0.12,0.14,20800
2021-11-29,0.16,0.16,0.16,0.16,0
2021-11-26,0.16,0.16,0.16,0.16,0
2021-11-24,0.16,0.16,0.16,0.16,0
2021-11-23,0.14,0.16,0.14,0.16,26400
2021-11-22,0.14,0.14,0.14,0.14,0
2021-11-19,0.14,0.14,0.14,0.14,100
2021-11-18,0.13,0.13,0.13,0.13,0
2021-11-17,0.12,0.13,0.1,0.13,29100
2021-11-16,0.13,0.14,0.12,0.14,56500
2021-11-15,0.13,0.13,0.13,0.13,6500
2021-11-12,0.13,0.16,0.13,0.16,6400
2021-11-11,0.14,0.17,0.14,0.16,25100
2021-11-10,0.14,0.14,0.13,0.14,43800
2021-11-09,0.13,0.15,0.13,0.15,7100
2021-11-08,0.13,0.15,0.13,0.15,7700
2021-11-05,0.13,0.16,0.13,0.16,16400
2021-11-04,0.14,0.19,0.13,0.14,30500
2021-11-03,0.15,0.16,0.15,0.15,52600
2021-11-02,0.16,0.16,0.16,0.16,0
2021-11-01,0.16,0.16,0.16,0.16,4400
2021-10-29,0.19,0.19,0.19,0.19,100
2021-10-28,0.16,0.18,0.16,0.18,8100
2021-10-27,0.19,0.19,0.19,0.19,14000
2021-10-26,0.18,0.19,0.18,0.19,10100
2021-10-25,0.17,0.17,0.17,0.17,0
2021-10-22,0.16,0.17,0.16,0.17,23800
2021-10-21,0.17,0.17,0.17,0.17,0
2021-10-20,0.16,0.17,0.16,0.17,11200
2021-10-19,0.17,0.17,0.16,0.17,13900
2021-10-18,0.19,0.2,0.15,0.17,99800
2021-10-15,0.18,0.19,0.18,0.19,19200
2021-10-14,0.18,0.18,0.18,0.18,31300
2021-10-13,0.17,0.18,0.17,0.17,13200
2021-10-12,0.18,0.19,0.18,0.18,24700
2021-10-11,0.2,0.2,0.18,0.19,24800
2021-10-08,0.2,0.2,0.2,0.2,1100
2021-10-07,0.24,0.24,0.24,0.24,4000
2021-10-06,0.2,0.22,0.2,0.22,12800
2021-10-05,0.21,0.28,0.21,0.23,30600
2021-10-04,0.3,0.3,0.17,0.21,157500
2021-10-01,0.28,0.28,0.28,0.28,2500
2021-09-30,0.29,0.29,0.29,0.29,100
2021-09-29,0.28,0.28,0.27,0.27,900
2021-09-28,0.26,0.3,0.26,0.29,9300
2021-09-27,0.26,0.3,0.26,0.3,5700
2021-09-24,0.27,0.27,0.26,0.26,10000
2021-09-23,0.3,0.3,0.3,0.3,2500
2021-09-22,0.26,0.33,0.26,0.33,3100
2021-09-21,0.35,0.35,0.35,0.35,0
2021-09-20,0.27,0.35,0.27,0.35,8900
2021-09-17,0.31,0.31,0.31,0.31,0
2021-09-16,0.31,0.31,0.31,0.31,6500
2021-09-15,0.31,0.31,0.31,0.31,0
2021-09-14,0.31,0.31,0.31,0.31,300
2021-09-13,0.35,0.35,0.31,0.31,22500
2021-09-10,0.35,0.35,0.32,0.34,5600
2021-09-09,0.35,0.35,0.35,0.35,0
2021-09-08,0.35,0.35,0.32,0.35,2700
2021-09-07,0.32,0.32,0.32,0.32,3500
2021-09-03,0.43,0.43,0.32,0.4,2400
2021-09-02,0.38,0.38,0.38,0.38,0
2021-09-01,0.36,0.38,0.32,0.38,7600
2021-08-31,0.41,0.41,0.35,0.38,36100
2021-08-30,0.4,0.47,0.39,0.42,7700
2021-08-27,0.48,0.49,0.4,0.48,4900
2021-08-26,0.51,0.51,0.4,0.4,2600
2021-08-25,0.48,0.48,0.48,0.48,100
2021-08-24,0.4,0.44,0.39,0.39,36900
2021-08-23,0.36,0.37,0.32,0.36,14400
2021-08-20,0.32,0.37,0.32,0.37,2600
2021-08-19,0.39,0.39,0.39,0.39,300
2021-08-18,0.32,0.32,0.32,0.32,0
2021-08-17,0.35,0.35,0.32,0.32,2600
2021-08-16,0.39,0.39,0.39,0.39,300
2021-08-13,0.43,0.43,0.43,0.43,0
2021-08-12,0.39,0.43,0.39,0.43,1200
2021-08-11,0.46,0.46,0.46,0.46,0
2021-08-10,0.52,0.52,0.32,0.46,2900
2021-08-09,0.45,0.48,0.32,0.46,7700
2021-08-06,0.36,0.4,0.36,0.4,10000
2021-08-05,0.48,0.48,0.48,0.48,0
2021-08-04,0.48,0.48,0.48,0.48,0
2021-08-03,0.45,0.48,0.34,0.48,5700
2021-08-02,0.42,0.48,0.42,0.48,400
2021-07-30,0.33,0.54,0.32,0.4,9000
2021-07-29,0.45,0.52,0.44,0.51,4200
2021-07-28,0.47,0.49,0.42,0.49,24100
2021-07-27,0.4,0.47,0.35,0.45,37600
2021-07-26,0.44,0.44,0.44,0.44,0
2021-07-23,0.44,0.44,0.44,0.44,200
2021-07-22,0.37,0.43,0.37,0.41,4500
2021-07-21,0.45,0.45,0.45,0.45,1200
2021-07-20,0.44,0.45,0.4,0.45,8500
2021-07-19,0.45,0.45,0.45,0.45,500
2021-07-16,0.44,0.44,0.43,0.43,1900
2021-07-15,0.44,0.44,0.35,0.35,8700
2021-07-14,0.38,0.44,0.38,0.42,23100
2021-07-13,0.37,0.45,0.37,0.45,4000
2021-07-12,0.37,0.45,0.37,0.45,3600
2021-07-09,0.35,0.45,0.35,0.45,17700
2021-07-08,0.41,0.42,0.35,0.42,11500
2021-07-07,0.41,0.41,0.35,0.41,5200
2021-07-06,0.37,0.41,0.35,0.41,4300
2021-07-02,0.38,0.41,0.35,0.41,5100
2021-07-01,0.41,0.41,0.35,0.41,23200
2021-06-30,0.35,0.41,0.35,0.37,12900
2021-06-29,0.33,0.4,0.33,0.39,5200
2021-06-28,0.33,0.39,0.33,0.39,5100
2021-06-25,0.42,0.42,0.3,0.41,7700
2021-06-24,0.31,0.42,0.26,0.4,9800
2021-06-23,0.32,0.42,0.31,0.42,15100
2021-06-22,0.35,0.42,0.3,0.42,5100
2021-06-21,0.35,0.44,0.35,0.44,20100
2021-06-18,0.34,0.45,0.3,0.45,19200
2021-06-17,0.34,0.39,0.26,0.39,30700
2021-06-16,0.35,0.35,0.35,0.35,0
2021-06-15,0.37,0.37,0.26,0.35,8800
2021-06-14,0.35,0.35,0.35,0.35,100
2021-06-11,0.37,0.37,0.31,0.37,6800
2021-06-10,0.28,0.35,0.28,0.35,5100
2021-06-09,0.3,0.36,0.3,0.36,5100
2021-06-08,0.46,0.46,0.29,0.39,19400
2021-06-07,0.3,0.38,0.3,0.38,16000
2021-06-04,0.44,0.44,0.39,0.42,16300
2021-06-03,0.44,0.44,0.42,0.43,20600
2021-06-02,0.4,0.47,0.4,0.45,30800
2021-06-01,0.49,0.49,0.4,0.47,43600
2021-05-28,0.39,0.44,0.39,0.44,9500
2021-05-27,0.39,0.45,0.32,0.41,88500
2021-05-26,0.38,0.41,0.3,0.37,10400
2021-05-25,0.39,0.39,0.39,0.39,2500
2021-05-24,0.39,0.39,0.24,0.37,9900
2021-05-21,0.34,0.35,0.29,0.35,37500
2021-05-20,0.35,0.35,0.29,0.34,10000
2021-05-19,0.35,0.35,0.3,0.3,4900
2021-05-18,0.33,0.33,0.24,0.33,3200
2021-05-17,0.33,0.33,0.33,0.33,0
2021-05-14,0.35,0.35,0.29,0.33,1500
2021-05-13,0.33,0.33,0.33,0.33,100
2021-05-12,0.33,0.33,0.33,0.33,0
2021-05-11,0.35,0.35,0.25,0.33,5000
2021-05-10,0.38,0.38,0.38,0.38,1400
2021-05-07,0.39,0.39,0.39,0.39,0
2021-05-06,0.24,0.39,0.24,0.39,8200
2021-05-05,0.41,0.41,0.41,0.41,0
2021-05-04,0.41,0.41,0.41,0.41,0
2021-05-03,0.41,0.41,0.41,0.41,0
2021-04-30,0.4,0.41,0.4,0.41,3900
2021-04-29,0.4,0.4,0.24,0.4,700
2021-04-28,0.37,0.37,0.37,0.37,0
2021-04-27,0.37,0.37,0.37,0.37,0
2021-04-26,0.37,0.37,0.24,0.37,400
2021-04-23,0.37,0.37,0.37,0.37,0
2021-04-22,0.37,0.37,0.37,0.37,100
2021-04-21,0.38,0.38,0.38,0.38,0
2021-04-20,0.38,0.38,0.38,0.38,100
2021-04-19,0.4,0.4,0.4,0.4,0
2021-04-16,0.4,0.4,0.4,0.4,0
2021-04-15,0.4,0.4,0.4,0.4,0
2021-04-14,0.32,0.4,0.23,0.4,13700
2021-04-13,0.41,0.41,0.41,0.41,100
2021-04-12,0.32,0.32,0.32,0.32,0
2021-04-09,0.31,0.32,0.31,0.32,300
2021-04-08,0.31,0.31,0.31,0.31,0
2021-04-07,0.24,0.31,0.24,0.31,400
2021-04-06,0.31,0.31,0.31,0.31,0
2021-04-05,0.33,0.33,0.22,0.31,5400
2021-04-01,0.34,0.34,0.34,0.34,0
2021-03-31,0.34,0.34,0.34,0.34,0
2021-03-30,0.29,0.34,0.24,0.34,6200
2021-03-29,0.32,0.32,0.32,0.32,0
2021-03-26,0.34,0.34,0.25,0.32,8200
2021-03-25,0.27,0.34,0.27,0.34,5200
2021-03-24,0.25,0.25,0.25,0.25,100
2021-03-23,0.3,0.34,0.3,0.3,5600
2021-03-22,0.32,0.32,0.32,0.32,0
2021-03-19,0.32,0.32,0.32,0.32,5100
2021-03-18,0.33,0.33,0.33,0.33,0
2021-03-17,0.33,0.35,0.25,0.33,10700
2021-03-16,0.33,0.33,0.33,0.33,0
2021-03-15,0.33,0.33,0.33,0.33,200
2021-03-12,0.3,0.3,0.3,0.3,0
2021-03-11,0.3,0.3,0.24,0.3,28300
2021-03-10,0.29,0.29,0.29,0.29,0
2021-03-09,0.32,0.32,0.25,0.29,17100
2021-03-08,0.25,0.3,0.25,0.3,2600
2021-03-05,0.31,0.33,0.25,0.3,9100
2021-03-04,0.25,0.25,0.25,0.25,0
2021-03-03,0.27,0.28,0.25,0.25,26000
2021-03-02,0.3,0.33,0.3,0.3,15000
2021-03-01,0.31,0.35,0.29,0.29,89900
2021-02-26,0.31,0.4,0.31,0.39,5700
2021-02-25,0.41,0.41,0.31,0.39,5300
2021-02-24,0.45,0.45,0.3,0.45,8200
2021-02-23,0.48,0.48,0.3,0.3,2600
2021-02-22,0.3,0.3,0.29,0.29,6100
2021-02-19,0.43,0.43,0.29,0.43,4200
2021-02-18,0.44,0.45,0.29,0.42,25600
2021-02-17,0.43,0.43,0.29,0.43,11800
2021-02-16,0.43,0.43,0.43,0.43,0
2021-02-12,0.43,0.43,0.3,0.43,5800
2021-02-11,0.43,0.43,0.3,0.43,5300
2021-02-10,0.45,0.45,0.29,0.43,18100
2021-02-09,0.32,0.46,0.27,0.41,20200
2021-02-08,0.37,0.47,0.26,0.47,27300
2021-02-05,0.37,0.37,0.27,0.27,5000
2021-02-04,0.37,0.37,0.37,0.37,100
2021-02-03,0.38,0.38,0.26,0.37,7900
2021-02-02,0.36,0.36,0.29,0.36,5600
2021-02-01,0.38,0.38,0.27,0.27,22700
2021-01-29,0.38,0.38,0.38,0.38,1000
2021-01-28,0.39,0.39,0.35,0.37,15600
2021-01-27,0.39,0.46,0.39,0.46,300
2021-01-26,0.35,0.51,0.35,0.51,8100
2021-01-25,0.55,0.55,0.27,0.35,35800
2021-01-22,0.36,0.55,0.29,0.55,11300
2021-01-21,0.38,0.57,0.26,0.36,41000
2021-01-20,0.52,0.52,0.52,0.52,0
2021-01-19,0.58,0.58,0.28,0.52,42800
2021-01-15,0.58,0.58,0.58,0.58,0
2021-01-14,0.55,0.58,0.27,0.58,11500
2021-01-13,0.4,0.45,0.25,0.45,34000
2021-01-12,0.44,0.44,0.27,0.27,2600
2021-01-11,0.42,0.42,0.42,0.42,0
2021-01-08,0.29,0.42,0.29,0.42,500
